Price,Adj Close,Close,High,Low,Open,Volume
Ticker,V,V,V,V,V,V
Date,,,,,,
2023-01-03 00:00:00+00:00,204.1952667236328,207.38999938964844,212.3300018310547,206.16000366210938,209.27999877929688,4202800
2023-01-04 00:00:00+00:00,209.33486938476562,212.61000061035156,213.1999969482422,209.6199951171875,209.6199951171875,6606200
2023-01-05 00:00:00+00:00,207.8579864501953,211.11000061035156,214.16000366210938,210.4600067138672,213.8000030517578,5246000
2023-01-06 00:00:00+00:00,214.39569091796875,217.75,218.13999938964844,213.08999633789062,214.0,6829700
2023-01-09 00:00:00+00:00,215.23260498046875,218.60000610351562,222.2100067138672,218.35000610351562,219.07000732421875,6294500
2023-01-10 00:00:00+00:00,217.68421936035156,221.08999633789062,222.38999938964844,218.17999267578125,218.99000549316406,10857000
2023-01-11 00:00:00+00:00,218.67868041992188,222.10000610351562,222.17999267578125,219.6999969482422,221.2899932861328,5408200
2023-01-12 00:00:00+00:00,220.17527770996094,223.6199951171875,223.80999755859375,220.61000061035156,222.10000610351562,4264400
2023-01-13 00:00:00+00:00,219.62388610839844,223.05999755859375,223.75999450683594,220.13999938964844,221.91000366210938,4283200
2023-01-17 00:00:00+00:00,219.5648193359375,223.0,224.39999389648438,222.3699951171875,222.3800048828125,6101100
2023-01-18 00:00:00+00:00,216.07931518554688,219.4600067138672,224.99000549316406,219.44000244140625,224.0800018310547,6558000
2023-01-19 00:00:00+00:00,217.01470947265625,220.41000366210938,221.52000427246094,217.5,218.10000610351562,4853100
2023-01-20 00:00:00+00:00,220.8546142578125,224.30999755859375,224.42999267578125,220.41000366210938,221.13999938964844,5211000
2023-01-23 00:00:00+00:00,220.72662353515625,224.17999267578125,226.1999969482422,223.14999389648438,224.60000610351562,5501500
2023-01-24 00:00:00+00:00,220.4411163330078,223.88999938964844,230.0,216.6300048828125,222.02000427246094,5274900
2023-01-25 00:00:00+00:00,221.43551635742188,224.89999389648438,224.97000122070312,221.1699981689453,221.6199951171875,4729600
2023-01-26 00:00:00+00:00,221.24847412109375,224.7100067138672,227.0800018310547,223.6699981689453,226.0,7043400
2023-01-27 00:00:00+00:00,227.8748016357422,231.44000244140625,232.83999633789062,227.25,228.0,11382600
2023-01-30 00:00:00+00:00,225.5708770751953,229.10000610351562,230.4199981689453,227.92999267578125,230.1999969482422,5677400
2023-01-31 00:00:00+00:00,226.6637420654297,230.2100067138672,230.8000030517578,228.4499969482422,228.80999755859375,11294200
2023-02-01 00:00:00+00:00,227.34310913085938,230.89999389648438,232.66000366210938,227.8000030517578,229.3699951171875,5792700
2023-02-02 00:00:00+00:00,226.02374267578125,229.55999755859375,234.3000030517578,228.3699951171875,233.9600067138672,7190000
2023-02-03 00:00:00+00:00,226.58499145507812,230.1300048828125,230.86000061035156,227.63999938964844,228.69000244140625,5243600
2023-02-06 00:00:00+00:00,225.90560913085938,229.44000244140625,230.25999450683594,228.0399932861328,228.6999969482422,3402400
2023-02-07 00:00:00+00:00,227.75665283203125,231.32000732421875,232.1300048828125,227.9499969482422,228.02000427246094,4042600
2023-02-08 00:00:00+00:00,226.6538848876953,230.1999969482422,231.86000061035156,229.99000549316406,230.33999633789062,4978600
2023-02-09 00:00:00+00:00,226.25929260253906,229.35000610351562,232.47999572753906,229.1300048828125,232.41000366210938,5238400
2023-02-10 00:00:00+00:00,224.13824462890625,227.1999969482422,229.91000366210938,226.16000366210938,228.9600067138672,4509700
2023-02-13 00:00:00+00:00,225.79562377929688,228.8800048828125,229.8300018310547,226.27000427246094,226.8800048828125,4946700
2023-02-14 00:00:00+00:00,226.29873657226562,229.38999938964844,231.4199981689453,227.1699981689453,228.6699981689453,4829400
2023-02-15 00:00:00+00:00,225.8350830078125,228.9199981689453,229.07000732421875,226.8000030517578,227.58999633789062,4407300
2023-02-16 00:00:00+00:00,222.78672790527344,225.8300018310547,228.36000061035156,225.6699981689453,226.07000732421875,3865900
2023-02-17 00:00:00+00:00,220.5473175048828,223.55999755859375,224.77000427246094,221.74000549316406,224.17999267578125,4520200
2023-02-21 00:00:00+00:00,217.64691162109375,220.6199951171875,222.44000244140625,219.99000549316406,220.16000366210938,7276100
2023-02-22 00:00:00+00:00,217.0550079345703,220.02000427246094,221.75,219.4499969482422,220.41000366210938,4621800
2023-02-23 00:00:00+00:00,218.1500701904297,221.1300048828125,222.08999633789062,218.92999267578125,221.55999755859375,5533800
2023-02-24 00:00:00+00:00,216.5913543701172,219.5500030517578,220.24000549316406,217.4600067138672,218.47999572753906,4414400
2023-02-27 00:00:00+00:00,217.3805389404297,220.35000610351562,221.44000244140625,219.33999633789062,220.72999572753906,4255300
2023-02-28 00:00:00+00:00,216.97608947753906,219.94000244140625,221.77000427246094,219.5,220.0,5385400
2023-03-01 00:00:00+00:00,215.41737365722656,218.36000061035156,220.27000427246094,216.42999267578125,219.4600067138672,4792700
2023-03-02 00:00:00+00:00,216.1079559326172,219.05999755859375,219.60000610351562,217.08999633789062,217.88999938964844,5539300
2023-03-03 00:00:00+00:00,220.7544708251953,223.77000427246094,224.02000427246094,219.89999389648438,220.1999969482422,6055400
2023-03-06 00:00:00+00:00,223.69432067871094,226.75,227.4199981689453,223.69000244140625,223.92999267578125,5737600
2023-03-07 00:00:00+00:00,220.1625518798828,223.1699981689453,227.3800048828125,223.0800018310547,226.75,4386800
2023-03-08 00:00:00+00:00,219.1957550048828,222.19000244140625,222.92999267578125,221.17999267578125,221.9600067138672,4194900
2023-03-09 00:00:00+00:00,217.04513549804688,220.00999450683594,224.3699951171875,219.66000366210938,221.39999389648438,5066700
2023-03-10 00:00:00+00:00,213.22731018066406,216.13999938964844,219.1199951171875,215.47999572753906,219.02999877929688,6638900
2023-03-13 00:00:00+00:00,211.5797882080078,214.47000122070312,217.85000610351562,212.5,214.6300048828125,6810800
2023-03-14 00:00:00+00:00,215.71334838867188,218.66000366210938,219.8699951171875,216.0399932861328,218.0,7985600
2023-03-15 00:00:00+00:00,213.45419311523438,216.3699951171875,216.91000366210938,213.6699981689453,214.41000366210938,8372200
2023-03-16 00:00:00+00:00,214.51963806152344,217.4499969482422,217.5800018310547,208.75999450683594,215.1699981689453,13674600
2023-03-17 00:00:00+00:00,214.46046447753906,217.38999938964844,218.66000366210938,214.8699951171875,214.8699951171875,18801200
2023-03-20 00:00:00+00:00,215.210205078125,218.14999389648438,220.5500030517578,216.83999633789062,217.0,9817400
2023-03-21 00:00:00+00:00,218.95901489257812,221.9499969482422,222.50999450683594,218.67999267578125,221.33999633789062,8971400
2023-03-22 00:00:00+00:00,217.07472229003906,220.0399932861328,224.89999389648438,219.9199981689453,222.5,6700600
2023-03-23 00:00:00+00:00,219.59036254882812,222.58999633789062,225.25,220.25999450683594,220.44000244140625,6427700
2023-03-24 00:00:00+00:00,218.06124877929688,221.0399932861328,221.3300018310547,218.25,220.6699981689453,4791500
2023-03-27 00:00:00+00:00,218.8208770751953,221.80999755859375,224.0800018310547,221.38999938964844,222.58999633789062,7210900
2023-03-28 00:00:00+00:00,217.36082458496094,220.3300018310547,223.3300018310547,218.64999389648438,222.82000732421875,6418400
2023-03-29 00:00:00+00:00,220.2908172607422,223.3000030517578,223.5500030517578,220.9199981689453,222.2899932861328,4483000
2023-03-30 00:00:00+00:00,219.3634796142578,222.36000061035156,224.24000549316406,221.2100067138672,223.9199981689453,5383900
2023-03-31 00:00:00+00:00,222.42172241210938,225.4600067138672,225.83999633789062,223.2899932861328,223.60000610351562,9509000
2023-04-03 00:00:00+00:00,225.91400146484375,229.0,229.16000366210938,224.1199951171875,225.22999572753906,6421500
2023-04-04 00:00:00+00:00,224.592041015625,227.66000366210938,230.0500030517578,226.8300018310547,229.0,5254700
2023-04-05 00:00:00+00:00,225.09519958496094,228.1699981689453,228.47000122070312,226.5500030517578,226.77999877929688,4813600
2023-04-06 00:00:00+00:00,222.94456481933594,225.99000549316406,226.72999572753906,224.67999267578125,226.16000366210938,4285200
2023-04-10 00:00:00+00:00,223.37863159179688,226.42999267578125,226.47999572753906,224.32000732421875,225.55999755859375,4952200
2023-04-11 00:00:00+00:00,225.3713836669922,228.4499969482422,229.13999938964844,226.1999969482422,227.0,4513300
2023-04-12 00:00:00+00:00,224.74002075195312,227.80999755859375,231.58999633789062,227.3300018310547,229.92999267578125,4373000
2023-04-13 00:00:00+00:00,229.55429077148438,232.69000244140625,232.83999633789062,228.8000030517578,229.4600067138672,7615500
2023-04-14 00:00:00+00:00,230.86634826660156,234.02000427246094,234.99000549316406,232.24000549316406,232.99000549316406,9781300
2023-04-17 00:00:00+00:00,230.33363342285156,233.47999572753906,234.0500030517578,230.94000244140625,234.02000427246094,4865000
2023-04-18 00:00:00+00:00,230.45199584960938,233.60000610351562,234.3300018310547,231.69000244140625,233.75,4796200
2023-04-19 00:00:00+00:00,229.43589782714844,232.57000732421875,234.05999755859375,231.85000610351562,234.0,3833900
2023-04-20 00:00:00+00:00,231.43853759765625,234.60000610351562,234.6699981689453,231.5,232.4600067138672,4925700
2023-04-21 00:00:00+00:00,230.89593505859375,234.0500030517578,235.57000732421875,233.3800048828125,235.0,6771500
2023-04-24 00:00:00+00:00,229.62332153320312,232.75999450683594,235.14999389648438,231.50999450683594,234.22999572753906,9124100
2023-04-25 00:00:00+00:00,226.49603271484375,229.58999633789062,235.02000427246094,229.42999267578125,233.02000427246094,6076500
2023-04-26 00:00:00+00:00,225.075439453125,228.14999389648438,232.77000427246094,226.72000122070312,231.22000122070312,8400400
2023-04-27 00:00:00+00:00,225.92384338378906,229.00999450683594,229.6300048828125,226.61000061035156,228.6699981689453,7128200
2023-04-28 00:00:00+00:00,229.59373474121094,232.72999572753906,233.57000732421875,228.05999755859375,228.64999389648438,11627900
2023-05-01 00:00:00+00:00,229.37669372558594,232.50999450683594,234.58999633789062,231.50999450683594,232.8699951171875,4571100
2023-05-02 00:00:00+00:00,223.92120361328125,226.97999572753906,232.3699951171875,226.2100067138672,231.9499969482422,5244000
2023-05-03 00:00:00+00:00,222.93470764160156,225.97999572753906,228.6699981689453,225.9199981689453,226.97999572753906,4093300
2023-05-04 00:00:00+00:00,222.55982971191406,225.60000610351562,226.05999755859375,223.47999572753906,224.83999633789062,5648700
2023-05-05 00:00:00+00:00,228.6565399169922,231.77999877929688,232.33999633789062,227.2899932861328,228.33999633789062,6237000
2023-05-08 00:00:00+00:00,229.1004638671875,232.22999572753906,233.4499969482422,231.25,231.25,2938400
2023-05-09 00:00:00+00:00,230.11659240722656,233.25999450683594,234.08999633789062,230.82000732421875,231.0800018310547,4352100
2023-05-10 00:00:00+00:00,228.1533966064453,231.27000427246094,234.80999755859375,228.89999389648438,234.3000030517578,5245000
2023-05-11 00:00:00+00:00,228.3411865234375,231.00999450683594,231.52000427246094,228.27000427246094,230.75,3818000
2023-05-12 00:00:00+00:00,228.70693969726562,231.3800048828125,232.72999572753906,229.82000732421875,232.0,3430300
2023-05-15 00:00:00+00:00,230.12042236328125,232.80999755859375,232.8300018310547,230.5500030517578,231.19000244140625,2843200
2023-05-16 00:00:00+00:00,227.80746459960938,230.47000122070312,233.10000610351562,229.6300048828125,232.55999755859375,4289700
2023-05-17 00:00:00+00:00,229.9622802734375,232.64999389648438,233.88999938964844,230.5500030517578,232.72999572753906,4990100
2023-05-18 00:00:00+00:00,230.9012908935547,233.60000610351562,234.14999389648438,231.1300048828125,232.39999389648438,6621900
2023-05-19 00:00:00+00:00,230.61463928222656,233.30999755859375,234.33999633789062,231.94000244140625,234.0,5399100
2023-05-22 00:00:00+00:00,228.60809326171875,231.27999877929688,233.8699951171875,231.17999267578125,233.30999755859375,3987800
2023-05-23 00:00:00+00:00,221.9855194091797,224.5800018310547,229.49000549316406,223.66000366210938,229.27000427246094,8537200
2023-05-24 00:00:00+00:00,219.68243408203125,222.25,223.10000610351562,220.02999877929688,222.5500030517578,6730800
2023-05-25 00:00:00+00:00,220.7993621826172,223.3800048828125,224.69000244140625,220.49000549316406,222.4499969482422,6827600
2023-05-26 00:00:00+00:00,222.4105224609375,225.00999450683594,226.2100067138672,223.33999633789062,223.82000732421875,5067300
2023-05-30 00:00:00+00:00,219.07945251464844,221.63999938964844,225.47000122070312,219.75,225.00999450683594,6916000
2023-05-31 00:00:00+00:00,218.4765167236328,221.02999877929688,221.52999877929688,216.13999938964844,219.9600067138672,20460600
2023-06-01 00:00:00+00:00,223.88330078125,226.5,226.7100067138672,222.42999267578125,222.72999572753906,7003600
2023-06-02 00:00:00+00:00,226.14686584472656,228.7899932861328,230.27000427246094,227.4199981689453,228.80999755859375,5895500
2023-06-05 00:00:00+00:00,224.15020751953125,226.77000427246094,228.3300018310547,225.30999755859375,227.91000366210938,4858900
2023-06-06 00:00:00+00:00,225.58346557617188,228.22000122070312,229.25,226.16000366210938,226.69000244140625,6020100
2023-06-07 00:00:00+00:00,222.66754150390625,225.27000427246094,227.5500030517578,221.02000427246094,227.0,8517200
2023-06-08 00:00:00+00:00,220.47315979003906,223.0500030517578,225.13999938964844,222.41000366210938,225.08999633789062,6248200
2023-06-09 00:00:00+00:00,220.977294921875,223.55999755859375,225.17999267578125,222.75999450683594,223.63999938964844,6385000
2023-06-12 00:00:00+00:00,223.55712890625,226.1699981689453,226.4499969482422,223.6300048828125,224.41000366210938,8621100
2023-06-13 00:00:00+00:00,220.81912231445312,223.39999389648438,227.14999389648438,222.6300048828125,225.6199951171875,6868700
2023-06-14 00:00:00+00:00,220.85865783691406,223.44000244140625,225.47000122070312,222.5800018310547,223.74000549316406,9160700
2023-06-15 00:00:00+00:00,223.55712890625,226.1699981689453,227.11000061035156,221.3699951171875,222.02000427246094,12534000
2023-06-16 00:00:00+00:00,226.26547241210938,228.91000366210938,229.8000030517578,226.0800018310547,226.4499969482422,13628500
2023-06-20 00:00:00+00:00,223.85366821289062,226.47000122070312,229.57000732421875,226.17999267578125,227.0,12312300
2023-06-21 00:00:00+00:00,224.62466430664062,227.25,228.6300048828125,224.97999572753906,226.1199951171875,7032100
2023-06-22 00:00:00+00:00,225.75146484375,228.38999938964844,228.92999267578125,225.5,226.36000061035156,6275500
2023-06-23 00:00:00+00:00,226.8980712890625,229.5500030517578,229.97999572753906,226.38999938964844,227.22000122070312,5422500
2023-06-26 00:00:00+00:00,223.6856231689453,226.3000030517578,230.10000610351562,226.1999969482422,229.44000244140625,5165400
2023-06-27 00:00:00+00:00,224.71360778808594,227.33999633789062,228.61000061035156,226.52000427246094,227.47999572753906,4628500
2023-06-28 00:00:00+00:00,225.3264617919922,227.9600067138672,228.05999755859375,226.02000427246094,227.5,5324500
2023-06-29 00:00:00+00:00,231.6129608154297,234.32000732421875,234.6999969482422,228.60000610351562,228.7899932861328,7118900
2023-06-30 00:00:00+00:00,234.7364501953125,237.47999572753906,238.27999877929688,235.9499969482422,236.27000427246094,6879100
2023-07-03 00:00:00+00:00,235.22080993652344,237.97000122070312,238.39999389648438,235.41000366210938,237.0,3087400
2023-07-05 00:00:00+00:00,236.68370056152344,239.4499969482422,240.0,233.99000549316406,234.41000366210938,7601200
2023-07-06 00:00:00+00:00,236.12030029296875,238.8800048828125,239.60000610351562,236.69000244140625,238.27000427246094,6441800
2023-07-07 00:00:00+00:00,233.7183837890625,236.4499969482422,238.44000244140625,236.1300048828125,236.72999572753906,5729200
2023-07-10 00:00:00+00:00,235.4086151123047,238.16000366210938,239.10000610351562,236.5,237.00999450683594,4858900
2023-07-11 00:00:00+00:00,237.77101135253906,240.5500030517578,240.6999969482422,238.1199951171875,238.80999755859375,3857100
2023-07-12 00:00:00+00:00,239.41183471679688,242.2100067138672,243.9499969482422,241.22999572753906,241.5500030517578,6116000
2023-07-13 00:00:00+00:00,240.49911499023438,243.30999755859375,244.27000427246094,243.14999389648438,243.7899932861328,5819600
2023-07-14 00:00:00+00:00,240.35084533691406,243.16000366210938,244.74000549316406,241.9600067138672,244.72999572753906,4940600
2023-07-17 00:00:00+00:00,241.1712646484375,243.99000549316406,245.3699951171875,243.0,243.11000061035156,4328100
2023-07-18 00:00:00+00:00,237.98846435546875,240.77000427246094,243.17999267578125,237.67999267578125,243.10000610351562,7674700
2023-07-19 00:00:00+00:00,238.6309356689453,241.4199981689453,242.58999633789062,240.1199951171875,241.25,4835500
2023-07-20 00:00:00+00:00,236.85174560546875,239.6199951171875,241.61000061035156,239.07000732421875,241.16000366210938,4695000
2023-07-21 00:00:00+00:00,236.48602294921875,239.25,240.35000610351562,238.72999572753906,239.74000549316406,5426800
2023-07-24 00:00:00+00:00,237.95880126953125,240.74000549316406,241.27999877929688,238.19000244140625,239.67999267578125,6010000
2023-07-25 00:00:00+00:00,235.93247985839844,238.69000244140625,240.8000030517578,238.55999755859375,240.02000427246094,4997500
2023-07-26 00:00:00+00:00,234.36085510253906,237.10000610351562,238.85000610351562,227.67999267578125,231.4199981689453,7551400
2023-07-27 00:00:00+00:00,231.73159790039062,234.44000244140625,238.66000366210938,232.9600067138672,237.4199981689453,8160100
2023-07-28 00:00:00+00:00,233.02645874023438,235.75,235.8800048828125,233.7100067138672,234.5800018310547,6794800
2023-07-31 00:00:00+00:00,234.9835968017578,237.72999572753906,238.4199981689453,236.0,236.0,4799600
2023-08-01 00:00:00+00:00,237.0098876953125,239.77999877929688,240.72999572753906,237.0,237.13999938964844,4627300
2023-08-02 00:00:00+00:00,234.81552124023438,237.55999755859375,238.7899932861328,236.7899932861328,238.6300048828125,4868200
2023-08-03 00:00:00+00:00,236.0016632080078,238.75999450683594,239.0500030517578,235.25,236.0,5033800
2023-08-04 00:00:00+00:00,236.22903442382812,238.99000549316406,241.91000366210938,237.83999633789062,238.0,5167700
2023-08-07 00:00:00+00:00,238.7198944091797,241.50999450683594,242.17999267578125,239.2100067138672,239.22000122070312,5649800
2023-08-08 00:00:00+00:00,236.52554321289062,239.2899932861328,241.36000061035156,237.38999938964844,240.4199981689453,5080600
2023-08-09 00:00:00+00:00,236.9901123046875,239.75999450683594,241.97000122070312,239.49000549316406,240.5,4055000
2023-08-10 00:00:00+00:00,237.83189392089844,240.16000366210938,243.9499969482422,240.08999633789062,240.6199951171875,4778000
2023-08-11 00:00:00+00:00,237.71304321289062,240.0399932861328,240.72000122070312,238.4199981689453,240.0,3606800
2023-08-14 00:00:00+00:00,240.54530334472656,242.89999389648438,243.3300018310547,240.25999450683594,240.72000122070312,4351100
2023-08-15 00:00:00+00:00,237.50509643554688,239.8300018310547,242.6699981689453,239.35000610351562,242.00999450683594,3770100
2023-08-16 00:00:00+00:00,236.97030639648438,239.2899932861328,241.07000732421875,236.02000427246094,236.52999877929688,3218600
2023-08-17 00:00:00+00:00,235.0689239501953,237.3699951171875,240.3800048828125,236.49000549316406,240.0,4177600
2023-08-18 00:00:00+00:00,235.86117553710938,238.1699981689453,239.0500030517578,235.3000030517578,235.5800018310547,4344800
2023-08-21 00:00:00+00:00,237.138671875,239.4600067138672,240.52999877929688,237.75999450683594,239.3800048828125,3573600
2023-08-22 00:00:00+00:00,238.2379150390625,240.57000732421875,241.42999267578125,238.6699981689453,240.0,3848700
2023-08-23 00:00:00+00:00,239.95115661621094,242.3000030517578,242.5399932861328,240.72000122070312,241.32000732421875,4947700
2023-08-24 00:00:00+00:00,237.14857482910156,239.47000122070312,243.55999755859375,239.36000061035156,242.25,4570700
2023-08-25 00:00:00+00:00,240.21852111816406,242.57000732421875,243.41000366210938,240.2100067138672,241.3800048828125,3541500
2023-08-28 00:00:00+00:00,241.46630859375,243.8300018310547,245.22999572753906,242.60000610351562,243.00999450683594,3741500
2023-08-29 00:00:00+00:00,242.96165466308594,245.33999633789062,245.8300018310547,243.39999389648438,243.5,3975600
2023-08-30 00:00:00+00:00,243.84304809570312,246.22999572753906,248.22999572753906,246.0500030517578,246.4199981689453,4573300
2023-08-31 00:00:00+00:00,243.29837036132812,245.67999267578125,248.02000427246094,245.4499969482422,245.58999633789062,5532600
2023-09-01 00:00:00+00:00,245.704833984375,248.11000061035156,248.8699951171875,246.77000427246094,247.47000122070312,4111800
2023-09-05 00:00:00+00:00,242.96165466308594,245.33999633789062,248.69000244140625,245.1999969482422,248.35000610351562,4459600
2023-09-06 00:00:00+00:00,243.7737274169922,246.16000366210938,246.66000366210938,244.2100067138672,245.4199981689453,4520300
2023-09-07 00:00:00+00:00,244.74423217773438,247.13999938964844,247.39999389648438,245.11000061035156,245.5,4007900
2023-09-08 00:00:00+00:00,244.89276123046875,247.2899932861328,248.13999938964844,246.44000244140625,247.7899932861328,3309100
2023-09-11 00:00:00+00:00,244.82345581054688,247.22000122070312,248.36000061035156,246.27000427246094,247.3300018310547,2995800
2023-09-12 00:00:00+00:00,244.90267944335938,247.3000030517578,247.75999450683594,246.00999450683594,246.94000244140625,3499600
2023-09-13 00:00:00+00:00,245.4275360107422,247.8300018310547,250.05999755859375,246.61000061035156,247.14999389648438,5657000
2023-09-14 00:00:00+00:00,239.15890502929688,241.5,245.5399932861328,238.75,245.0,12000000
2023-09-15 00:00:00+00:00,238.73306274414062,241.07000732421875,244.10000610351562,240.02999877929688,241.89999389648438,13051300
2023-09-18 00:00:00+00:00,242.28826904296875,244.66000366210938,245.22999572753906,240.77000427246094,240.94000244140625,4771600
2023-09-19 00:00:00+00:00,241.19891357421875,243.55999755859375,245.1199951171875,241.4600067138672,245.0,4709000
2023-09-20 00:00:00+00:00,239.51541137695312,241.86000061035156,244.52999877929688,241.6699981689453,243.6300048828125,5756600
2023-09-21 00:00:00+00:00,234.31629943847656,236.61000061035156,240.77999877929688,236.27000427246094,240.77000427246094,6881500
2023-09-22 00:00:00+00:00,232.80113220214844,235.0800018310547,237.7899932861328,234.8800048828125,236.75,5935500
2023-09-25 00:00:00+00:00,231.09783935546875,233.36000061035156,235.47000122070312,232.2100067138672,235.3800048828125,5921600
2023-09-26 00:00:00+00:00,227.42376708984375,229.64999389648438,232.6699981689453,229.60000610351562,231.92999267578125,6193200
2023-09-27 00:00:00+00:00,227.2752227783203,229.5,230.67999267578125,227.9199981689453,230.25999450683594,6006700
2023-09-28 00:00:00+00:00,229.41429138183594,231.66000366210938,232.5399932861328,229.6699981689453,230.6699981689453,4203900
2023-09-29 00:00:00+00:00,227.7802734375,230.00999450683594,233.02999877929688,229.64999389648438,232.83999633789062,6044200
2023-10-02 00:00:00+00:00,229.02806091308594,231.27000427246094,231.3699951171875,228.77000427246094,229.24000549316406,5175200
2023-10-03 00:00:00+00:00,226.5919189453125,228.80999755859375,231.75,227.77999877929688,230.47000122070312,5585700
2023-10-04 00:00:00+00:00,228.9785614013672,231.22000122070312,231.6999969482422,228.8800048828125,229.47999572753906,5430900
2023-10-05 00:00:00+00:00,231.21664428710938,233.47999572753906,234.19000244140625,230.22000122070312,230.41000366210938,6126200
2023-10-06 00:00:00+00:00,232.7615203857422,235.0399932861328,236.58999633789062,232.75,233.1699981689453,6401000
2023-10-09 00:00:00+00:00,232.16734313964844,234.44000244140625,235.1699981689453,231.6999969482422,232.8000030517578,5372200
2023-10-10 00:00:00+00:00,234.306396484375,236.60000610351562,238.22000122070312,234.27999877929688,234.89999389648438,4644000
2023-10-11 00:00:00+00:00,233.39532470703125,235.67999267578125,238.50999450683594,234.88999938964844,237.5500030517578,4760900
2023-10-12 00:00:00+00:00,234.48464965820312,236.77999877929688,237.72999572753906,234.88999938964844,236.7100067138672,4472800
2023-10-13 00:00:00+00:00,235.3660430908203,237.6699981689453,238.64999389648438,236.22999572753906,236.38999938964844,4966800
2023-10-16 00:00:00+00:00,237.74278259277344,240.07000732421875,240.7100067138672,238.3300018310547,239.0,6227300
2023-10-17 00:00:00+00:00,238.86178588867188,241.1999969482422,241.47999572753906,238.2899932861328,239.6300048828125,4527600
2023-10-18 00:00:00+00:00,235.16796875,237.47000122070312,240.8300018310547,236.99000549316406,239.9600067138672,9528300
2023-10-19 00:00:00+00:00,231.54345703125,233.80999755859375,237.9199981689453,233.41000366210938,237.47000122070312,5927400
2023-10-20 00:00:00+00:00,231.1176300048828,233.3800048828125,235.77000427246094,232.63999938964844,234.1300048828125,5748300
2023-10-23 00:00:00+00:00,229.28555297851562,231.52999877929688,234.4600067138672,231.27999877929688,231.36000061035156,5071700
2023-10-24 00:00:00+00:00,232.37527465820312,234.64999389648438,236.52999877929688,232.88999938964844,232.88999938964844,6844100
2023-10-25 00:00:00+00:00,234.55397033691406,236.85000610351562,238.47999572753906,231.2899932861328,232.25,10365300
2023-10-26 00:00:00+00:00,229.03797912597656,231.27999877929688,235.61000061035156,230.36000061035156,234.57000732421875,6414500
2023-10-27 00:00:00+00:00,227.04745483398438,229.27000427246094,231.38999938964844,228.02999877929688,231.1699981689453,5540900
2023-10-30 00:00:00+00:00,230.82052612304688,233.0800018310547,233.3800048828125,230.02999877929688,232.19000244140625,5170300
2023-10-31 00:00:00+00:00,232.82095336914062,235.10000610351562,235.72000122070312,232.99000549316406,233.57000732421875,4828400
2023-11-01 00:00:00+00:00,236.2672119140625,238.5800018310547,239.0399932861328,235.67999267578125,236.13999938964844,4996200
2023-11-02 00:00:00+00:00,240.89193725585938,243.25,243.25,239.1999969482422,239.91000366210938,6286700
2023-11-03 00:00:00+00:00,241.23855590820312,243.60000610351562,245.32000732421875,242.25999450683594,245.1199951171875,5029800
2023-11-06 00:00:00+00:00,241.12960815429688,243.49000549316406,244.77999877929688,242.61000061035156,244.0,5254100
2023-11-07 00:00:00+00:00,242.397216796875,244.77000427246094,245.07000732421875,243.3800048828125,243.41000366210938,4219700
2023-11-08 00:00:00+00:00,242.05979919433594,243.91000366210938,244.75,242.8000030517578,243.49000549316406,5117500
2023-11-09 00:00:00+00:00,239.8070068359375,241.63999938964844,244.47999572753906,240.97000122070312,244.3300018310547,4866600
2023-11-10 00:00:00+00:00,243.38961791992188,245.25,245.27000427246094,241.97000122070312,243.97999572753906,4094400
2023-11-13 00:00:00+00:00,242.81402587890625,244.6699981689453,245.67999267578125,244.11000061035156,245.0,4088500
2023-11-14 00:00:00+00:00,245.06680297851562,246.94000244140625,247.92999267578125,245.5800018310547,246.1699981689453,14092000
2023-11-15 00:00:00+00:00,246.22792053222656,248.11000061035156,248.24000549316406,245.33999633789062,246.80999755859375,13258900
2023-11-16 00:00:00+00:00,246.68443298339844,248.57000732421875,249.4499969482422,247.27000427246094,248.58999633789062,7051600
2023-11-17 00:00:00+00:00,247.66693115234375,249.55999755859375,250.24000549316406,248.66000366210938,249.4499969482422,7238200
2023-11-20 00:00:00+00:00,248.07382202148438,249.97000122070312,250.92999267578125,245.60000610351562,249.61000061035156,8604200
2023-11-21 00:00:00+00:00,250.31666564941406,252.22999572753906,253.33999633789062,250.02999877929688,250.02999877929688,7213700
2023-11-22 00:00:00+00:00,251.79534912109375,253.72000122070312,254.5399932861328,252.66000366210938,253.0,5701400
2023-11-24 00:00:00+00:00,252.37095642089844,254.3000030517578,254.6999969482422,253.5,254.19000244140625,1640900
2023-11-27 00:00:00+00:00,252.21217346191406,254.13999938964844,254.97999572753906,252.52000427246094,254.3000030517578,5478900
2023-11-28 00:00:00+00:00,251.02127075195312,252.94000244140625,254.14999389648438,251.61000061035156,253.85000610351562,5234900
2023-11-29 00:00:00+00:00,252.30149841308594,254.22999572753906,256.07000732421875,253.52000427246094,253.9199981689453,4955100
2023-11-30 00:00:00+00:00,254.73291015625,256.67999267578125,256.7699890136719,253.1699981689453,254.25,6874700
2023-12-01 00:00:00+00:00,254.50465393066406,256.45001220703125,256.9100036621094,253.89999389648438,255.7899932861328,3939400
2023-12-04 00:00:00+00:00,252.50990295410156,254.44000244140625,257.3900146484375,254.35000610351562,255.91000366210938,5247500
2023-12-05 00:00:00+00:00,252.67861938476562,254.61000061035156,254.82000732421875,252.13999938964844,254.19000244140625,4199100
2023-12-06 00:00:00+00:00,252.36105346679688,254.2899932861328,256.8299865722656,253.52999877929688,255.8000030517578,3874000
2023-12-07 00:00:00+00:00,253.8794403076172,255.82000732421875,256.1400146484375,253.5,254.88999938964844,3589300
2023-12-08 00:00:00+00:00,253.80006408691406,255.74000549316406,256.0400085449219,253.8699951171875,255.0,3732300
2023-12-11 00:00:00+00:00,254.57411193847656,256.5199890136719,257.6300048828125,255.0,255.0,6479300
2023-12-12 00:00:00+00:00,257.5910949707031,259.55999755859375,259.7200012207031,256.3999938964844,257.29998779296875,5946600
2023-12-13 00:00:00+00:00,260.3896789550781,262.3800048828125,262.4800109863281,258.69000244140625,259.1499938964844,4859900
2023-12-14 00:00:00+00:00,256.76739501953125,258.7300109863281,263.25,256.3999938964844,263.19000244140625,8168700
2023-12-15 00:00:00+00:00,256.07269287109375,258.0299987792969,258.3699951171875,254.4499969482422,254.50999450683594,13373600
2023-12-18 00:00:00+00:00,256.4100646972656,258.3699951171875,259.5899963378906,257.95001220703125,258.70001220703125,6041100
2023-12-19 00:00:00+00:00,258.017822265625,259.989990234375,260.3399963378906,257.20001220703125,258.6099853515625,8731200
2023-12-20 00:00:00+00:00,255.15963745117188,257.1099853515625,260.82000732421875,257.0799865722656,260.5,7240900
2023-12-21 00:00:00+00:00,257.57122802734375,259.5400085449219,259.989990234375,257.0400085449219,257.510009765625,6246700
2023-12-22 00:00:00+00:00,256.4696350097656,258.42999267578125,261.2099914550781,258.2200012207031,260.0,5111500
2023-12-26 00:00:00+00:00,257.1941223144531,259.1600036621094,259.739990234375,258.5299987792969,258.5299987792969,2085100
2023-12-27 00:00:00+00:00,256.9658508300781,258.92999267578125,259.7699890136719,258.30999755859375,259.25,4034700
2023-12-28 00:00:00+00:00,258.4247131347656,260.3999938964844,260.9700012207031,258.5400085449219,258.5400085449219,3020500
2023-12-29 00:00:00+00:00,258.3750915527344,260.3500061035156,261.4599914550781,259.6700134277344,260.57000732421875,4074600
2024-01-02 00:00:00+00:00,256.90631103515625,258.8699951171875,260.0899963378906,257.6700134277344,259.6099853515625,5471000
2024-01-03 00:00:00+00:00,256.0230712890625,257.9800109863281,258.8599853515625,256.8599853515625,258.54998779296875,4148300
2024-01-04 00:00:00+00:00,257.64068603515625,259.6099853515625,261.0400085449219,258.0,258.07000732421875,3843000
2024-01-05 00:00:00+00:00,257.7200927734375,259.69000244140625,261.4599914550781,258.75,260.7799987792969,3748400
2024-01-08 00:00:00+00:00,260.5484619140625,262.5400085449219,262.6199951171875,259.95001220703125,260.94000244140625,4659000
2024-01-09 00:00:00+00:00,261.33245849609375,263.3299865722656,263.6199951171875,261.1400146484375,262.0,7055800
2024-01-10 00:00:00+00:00,262.5531311035156,264.55999755859375,265.3699951171875,262.8599853515625,264.9700012207031,4355800
2024-01-11 00:00:00+00:00,262.0271301269531,264.0299987792969,266.19000244140625,262.3999938964844,265.4599914550781,5599000
2024-01-12 00:00:00+00:00,262.1661376953125,264.1700134277344,265.54998779296875,263.7099914550781,265.1300048828125,4656100
2024-01-16 00:00:00+00:00,263.2279357910156,265.239990234375,265.6600036621094,262.3500061035156,263.5199890136719,6196400
2024-01-17 00:00:00+00:00,264.6074523925781,266.6300048828125,267.1000061035156,264.3900146484375,264.4200134277344,5118700
2024-01-18 00:00:00+00:00,266.1059875488281,268.1400146484375,268.7799987792969,266.4200134277344,267.8800048828125,6694300
2024-01-19 00:00:00+00:00,268.84503173828125,270.8999938964844,271.1499938964844,267.04998779296875,268.17999267578125,7224600
2024-01-22 00:00:00+00:00,269.1427917480469,271.20001220703125,272.3500061035156,270.3599853515625,272.239990234375,5984300
2024-01-23 00:00:00+00:00,269.20233154296875,271.260009765625,271.8699951171875,269.9100036621094,271.54998779296875,5883000
2024-01-24 00:00:00+00:00,269.5893249511719,271.6499938964844,272.8599853515625,271.0799865722656,272.57000732421875,5021700
2024-01-25 00:00:00+00:00,270.5420837402344,272.6099853515625,272.7799987792969,270.79998779296875,271.95001220703125,6894900
2024-01-26 00:00:00+00:00,265.9075012207031,267.94000244140625,270.8699951171875,265.6000061035156,265.94000244140625,8586500
2024-01-29 00:00:00+00:00,271.5841064453125,273.6600036621094,275.07000732421875,266.7099914550781,266.9700012207031,6574500
2024-01-30 00:00:00+00:00,275.0476379394531,277.1499938964844,278.6400146484375,274.19000244140625,274.5899963378906,6549000
2024-01-31 00:00:00+00:00,271.1871032714844,273.260009765625,279.989990234375,273.17999267578125,277.1199951171875,6139300
2024-02-01 00:00:00+00:00,274.9483642578125,277.04998779296875,277.19000244140625,273.3599853515625,273.3900146484375,7065000
2024-02-02 00:00:00+00:00,275.077392578125,277.17999267578125,278.5,275.67999267578125,277.6099853515625,4848700
2024-02-05 00:00:00+00:00,273.489501953125,275.5799865722656,278.0,275.1300048828125,277.3999938964844,4899100
2024-02-06 00:00:00+00:00,274.66058349609375,276.760009765625,276.8800048828125,274.0299987792969,274.79998779296875,4400000
2024-02-07 00:00:00+00:00,277.2706604003906,279.3900146484375,279.5400085449219,277.05999755859375,279.3800048828125,4785900
2024-02-08 00:00:00+00:00,274.1983642578125,275.7799987792969,279.6600036621094,275.2799987792969,279.5400085449219,5833400
2024-02-09 00:00:00+00:00,274.8446350097656,276.42999267578125,277.17999267578125,274.0899963378906,275.0,4618300
2024-02-12 00:00:00+00:00,273.492431640625,275.07000732421875,276.6700134277344,274.239990234375,276.42999267578125,3676200
2024-02-13 00:00:00+00:00,274.22821044921875,275.80999755859375,278.0,272.760009765625,273.75,5493800
2024-02-14 00:00:00+00:00,275.9681396484375,277.55999755859375,277.6400146484375,274.7099914550781,276.4700012207031,4218400
2024-02-15 00:00:00+00:00,279.3685607910156,280.9800109863281,281.1199951171875,277.55999755859375,277.6499938964844,4834800
2024-02-16 00:00:00+00:00,276.96240234375,278.55999755859375,281.1199951171875,277.8699951171875,280.9599914550781,6630100
2024-02-20 00:00:00+00:00,273.57196044921875,275.1499938964844,276.8399963378906,273.3399963378906,274.57000732421875,6157200
2024-02-21 00:00:00+00:00,275.1727600097656,276.760009765625,276.9700012207031,273.5299987792969,274.6300048828125,4771100
2024-02-22 00:00:00+00:00,282.1226806640625,283.75,284.05999755859375,278.9800109863281,279.17999267578125,5100200
2024-02-23 00:00:00+00:00,281.9735412597656,283.6000061035156,285.95001220703125,283.5,284.7200012207031,5107700
2024-02-26 00:00:00+00:00,282.5203857421875,284.1499938964844,285.3500061035156,282.6600036621094,283.0400085449219,3856900
2024-02-27 00:00:00+00:00,281.5460205078125,283.1700134277344,284.1700134277344,281.5400085449219,284.1700134277344,4145200
2024-02-28 00:00:00+00:00,283.99188232421875,285.6300048828125,286.1300048828125,282.0799865722656,282.1000061035156,4358800
2024-02-29 00:00:00+00:00,281.01904296875,282.6400146484375,285.6600036621094,282.17999267578125,285.5,6633700
2024-03-01 00:00:00+00:00,281.5360107421875,283.1600036621094,284.9100036621094,282.1099853515625,283.20001220703125,3955400
2024-03-04 00:00:00+00:00,278.9211120605469,280.5299987792969,283.0,278.1300048828125,282.80999755859375,5920300
2024-03-05 00:00:00+00:00,277.7777099609375,279.3800048828125,280.989990234375,277.67999267578125,280.2699890136719,6227900
2024-03-06 00:00:00+00:00,278.8216857910156,280.42999267578125,282.0,279.30999755859375,280.0,4535200
2024-03-07 00:00:00+00:00,276.6641845703125,278.260009765625,281.1700134277344,276.1600036621094,280.8800048828125,5668500
2024-03-08 00:00:00+00:00,278.4339294433594,280.0400085449219,281.6700134277344,278.8299865722656,279.0,3928800
2024-03-11 00:00:00+00:00,278.9509582519531,280.55999755859375,280.7699890136719,277.989990234375,279.45001220703125,4614000
2024-03-12 00:00:00+00:00,282.2917175292969,283.9200134277344,284.4800109863281,280.2900085449219,281.30999755859375,7988700
2024-03-13 00:00:00+00:00,283.50469970703125,285.1400146484375,286.1000061035156,283.82000732421875,284.6600036621094,5783800
2024-03-14 00:00:00+00:00,284.76739501953125,286.4100036621094,289.0400085449219,284.54998779296875,288.9599914550781,5484500
2024-03-15 00:00:00+00:00,281.416748046875,283.0400085449219,285.6300048828125,282.6400146484375,283.54998779296875,9845000
2024-03-18 00:00:00+00:00,283.4151916503906,285.04998779296875,286.2300109863281,283.25,283.8699951171875,4095600
2024-03-19 00:00:00+00:00,285.7020263671875,287.3500061035156,288.05999755859375,285.25,286.6600036621094,6595200
2024-03-20 00:00:00+00:00,287.6209716796875,289.2799987792969,289.8699951171875,286.7200012207031,287.6400146484375,6105000
2024-03-21 00:00:00+00:00,288.7046813964844,290.3699951171875,290.9599914550781,287.8999938964844,289.9700012207031,5057600
2024-03-22 00:00:00+00:00,281.6354675292969,283.260009765625,290.489990234375,282.8900146484375,290.0,8743000
2024-03-25 00:00:00+00:00,279.5971984863281,281.2099914550781,283.5,280.0400085449219,283.010009765625,8519200
2024-03-26 00:00:00+00:00,278.99072265625,280.6000061035156,284.1300048828125,278.4100036621094,284.1300048828125,8752400
2024-03-27 00:00:00+00:00,277.4197998046875,279.0199890136719,281.25,276.9800109863281,280.25,5190700
2024-03-28 00:00:00+00:00,277.47943115234375,279.0799865722656,279.79998779296875,277.1199951171875,278.489990234375,5844400
2024-04-01 00:00:00+00:00,276.68402099609375,278.2799987792969,280.8900146484375,276.7900085449219,280.3599853515625,5084000
2024-04-02 00:00:00+00:00,276.8431396484375,278.44000244140625,279.3299865722656,276.9800109863281,278.0,6912300
2024-04-03 00:00:00+00:00,275.37158203125,276.9599914550781,280.4800109863281,276.55999755859375,280.4800109863281,4536600
2024-04-04 00:00:00+00:00,272.4285888671875,274.0,279.0799865722656,273.55999755859375,278.3599853515625,4018600
2024-04-05 00:00:00+00:00,275.55059814453125,277.1400146484375,277.9599914550781,275.0299987792969,276.1000061035156,4388100
2024-04-08 00:00:00+00:00,276.1670227050781,277.760009765625,277.9800109863281,275.1499938964844,276.25,5542400
2024-04-09 00:00:00+00:00,275.13299560546875,276.7200012207031,278.0,273.32000732421875,277.6300048828125,7314300
2024-04-10 00:00:00+00:00,272.90582275390625,274.4800109863281,276.82000732421875,274.1199951171875,275.4200134277344,5276000
2024-04-11 00:00:00+00:00,274.0989074707031,275.67999267578125,276.4800109863281,272.17999267578125,274.0,8102300
2024-04-12 00:00:00+00:00,274.3773193359375,275.9599914550781,277.0,274.05999755859375,275.54998779296875,9037900
2024-04-15 00:00:00+00:00,269.72418212890625,271.2799987792969,277.9100036621094,270.3399963378906,277.8900146484375,10267500
2024-04-16 00:00:00+00:00,269.7937927246094,271.3500061035156,274.1300048828125,270.1700134277344,270.5400085449219,8237100
2024-04-17 00:00:00+00:00,271.1260681152344,272.69000244140625,274.0,271.5,273.29998779296875,5940900
2024-04-18 00:00:00+00:00,269.81365966796875,271.3699951171875,273.1499938964844,269.8599853515625,272.57000732421875,8231800
2024-04-19 00:00:00+00:00,268.2327880859375,269.7799987792969,272.0,268.2900085449219,271.4700012207031,7826200
2024-04-22 00:00:00+00:00,270.7681579589844,272.3299865722656,273.760009765625,269.3599853515625,270.95001220703125,6463700
2024-04-23 00:00:00+00:00,272.5379333496094,274.1099853515625,274.8900146484375,272.7099914550781,274.010009765625,6438000
2024-04-24 00:00:00+00:00,273.44268798828125,275.0199890136719,283.0,274.489990234375,282.57000732421875,8807200
2024-04-25 00:00:00+00:00,273.5819396972656,275.1600036621094,276.2200012207031,270.489990234375,272.9700012207031,8064600
2024-04-26 00:00:00+00:00,272.945556640625,274.5199890136719,276.7699890136719,273.8299865722656,275.010009765625,6840600
2024-04-29 00:00:00+00:00,270.28094482421875,271.8399963378906,274.4700012207031,271.0899963378906,272.32000732421875,4128600
2024-04-30 00:00:00+00:00,267.0694885253906,268.6099853515625,272.0799865722656,268.5799865722656,270.5299987792969,6376400
2024-05-01 00:00:00+00:00,265.786865234375,267.32000732421875,270.9100036621094,266.7099914550781,268.1499938964844,6119900
2024-05-02 00:00:00+00:00,266.0751953125,267.6099853515625,269.4700012207031,266.6499938964844,269.3500061035156,5061700
2024-05-03 00:00:00+00:00,266.9501647949219,268.489990234375,269.45001220703125,266.5,269.0,3862000
2024-05-06 00:00:00+00:00,271.106201171875,272.6700134277344,272.7799987792969,269.57000732421875,269.6499938964844,3958700
2024-05-07 00:00:00+00:00,274.87445068359375,276.4599914550781,277.8800048828125,272.8299865722656,273.7200012207031,6377100
2024-05-08 00:00:00+00:00,275.6002502441406,277.19000244140625,278.54998779296875,274.9200134277344,277.79998779296875,9029700
2024-05-09 00:00:00+00:00,276.9425354003906,278.5400085449219,278.7900085449219,276.3999938964844,276.79998779296875,8948800
2024-05-10 00:00:00+00:00,279.1299133300781,280.739990234375,281.0299987792969,279.239990234375,279.54998779296875,8986400
2024-05-13 00:00:00+00:00,277.7876892089844,279.3900146484375,282.1499938964844,279.1000061035156,281.4599914550781,10528400
2024-05-14 00:00:00+00:00,276.1470947265625,277.739990234375,279.989990234375,274.2699890136719,279.44000244140625,18526100
2024-05-15 00:00:00+00:00,279.88555908203125,281.5,281.7300109863281,277.07000732421875,277.1499938964844,21288400
2024-05-16 00:00:00+00:00,278.75,279.8399963378906,282.3800048828125,279.260009765625,281.739990234375,10341500
2024-05-17 00:00:00+00:00,279.00897216796875,280.1000061035156,280.9100036621094,278.1000061035156,280.04998779296875,6177800
2024-05-20 00:00:00+00:00,277.455078125,278.5400085449219,280.2699890136719,278.17999267578125,279.2200012207031,5460900
2024-05-21 00:00:00+00:00,274.87518310546875,275.95001220703125,278.42999267578125,274.8800048828125,278.0,6578200
2024-05-22 00:00:00+00:00,274.506591796875,275.5799865722656,278.0799865722656,275.1199951171875,275.5299987792969,4202500
2024-05-23 00:00:00+00:00,273.161865234375,274.2300109863281,277.44000244140625,273.0299987792969,275.239990234375,6115900
2024-05-24 00:00:00+00:00,273.42083740234375,274.489990234375,275.239990234375,273.3500061035156,275.010009765625,4339700
2024-05-28 00:00:00+00:00,269.9245300292969,270.9800109863281,274.4599914550781,270.2300109863281,274.2300109863281,6212100
2024-05-29 00:00:00+00:00,267.812744140625,268.8599853515625,271.1400146484375,268.260009765625,269.0,5469700
2024-05-30 00:00:00+00:00,270.2432556152344,271.29998779296875,271.6400146484375,268.30999755859375,268.70001220703125,4903100
2024-05-31 00:00:00+00:00,271.39874267578125,272.4599914550781,272.760009765625,269.010009765625,271.44000244140625,8910000
2024-06-03 00:00:00+00:00,269.3268737792969,270.3800048828125,273.1300048828125,268.05999755859375,273.0899963378906,4838800
2024-06-04 00:00:00+00:00,271.3589172363281,272.4200134277344,272.989990234375,269.30999755859375,269.6300048828125,4188500
2024-06-05 00:00:00+00:00,273.4308166503906,274.5,274.92999267578125,272.0199890136719,273.5299987792969,5368700
2024-06-06 00:00:00+00:00,275.9609375,277.0400085449219,277.1499938964844,274.0799865722656,274.79998779296875,4862400
2024-06-07 00:00:00+00:00,277.5845642089844,278.6700134277344,280.3299865722656,276.8599853515625,277.7099914550781,4515600
2024-06-10 00:00:00+00:00,273.9687194824219,275.0400085449219,278.55999755859375,273.3800048828125,278.1400146484375,5213800
2024-06-11 00:00:00+00:00,273.60015869140625,274.6700134277344,274.8599853515625,272.2200012207031,274.5400085449219,6244600
2024-06-12 00:00:00+00:00,269.2671203613281,270.32000732421875,277.6000061035156,269.8999938964844,276.7699890136719,7536600
2024-06-13 00:00:00+00:00,270.1336975097656,271.19000244140625,271.8599853515625,269.32000732421875,270.32000732421875,7361200
2024-06-14 00:00:00+00:00,269.6057434082031,270.6600036621094,271.54998779296875,269.2699890136719,270.1000061035156,8537300
2024-06-17 00:00:00+00:00,270.1138000488281,271.1700134277344,271.8299865722656,269.0,269.0,9258200
2024-06-18 00:00:00+00:00,272.5542297363281,273.6199951171875,273.8999938964844,271.29998779296875,271.29998779296875,6707500
2024-06-20 00:00:00+00:00,275.74176025390625,276.82000732421875,278.0400085449219,273.1000061035156,273.19000244140625,10164400
2024-06-21 00:00:00+00:00,274.14801025390625,275.2200012207031,277.5400085449219,274.5799865722656,277.1700134277344,14790200
2024-06-24 00:00:00+00:00,275.2237854003906,276.29998779296875,280.3900146484375,275.2699890136719,275.32000732421875,24149600
2024-06-25 00:00:00+00:00,272.4645690917969,273.5299987792969,277.92999267578125,273.5299987792969,276.8500061035156,19897700
2024-06-26 00:00:00+00:00,272.5343322753906,273.6000061035156,274.4599914550781,271.75,272.9100036621094,12172000
2024-06-27 00:00:00+00:00,265.5516357421875,266.5899963378906,270.5899963378906,266.5,268.510009765625,10529100
2024-06-28 00:00:00+00:00,261.4476623535156,262.4700012207031,268.6000061035156,261.25,267.20001220703125,13957300
2024-07-01 00:00:00+00:00,262.21466064453125,263.239990234375,265.7699890136719,261.29998779296875,263.7900085449219,7955800
2024-07-02 00:00:00+00:00,267.18524169921875,268.2300109863281,268.2300109863281,262.3999938964844,263.239990234375,8697800
2024-07-03 00:00:00+00:00,267.9422607421875,268.989990234375,269.75,268.1499938964844,269.07000732421875,5017800
2024-07-05 00:00:00+00:00,269.3069152832031,270.3599853515625,270.54998779296875,268.239990234375,269.0,7986400
2024-07-08 00:00:00+00:00,265.3623352050781,266.3999938964844,271.44000244140625,265.9700012207031,270.25,8561100
2024-07-09 00:00:00+00:00,264.4060974121094,265.44000244140625,267.54998779296875,263.9200134277344,267.0,6431300
2024-07-10 00:00:00+00:00,261.9756164550781,263.0,263.4800109863281,258.510009765625,259.1199951171875,9635500
2024-07-11 00:00:00+00:00,261.52734375,262.54998779296875,263.6300048828125,260.760009765625,262.1300048828125,8803600
2024-07-12 00:00:00+00:00,264.70489501953125,265.739990234375,267.3999938964844,263.6600036621094,264.3399963378906,6627800
2024-07-15 00:00:00+00:00,267.4043884277344,268.45001220703125,269.239990234375,265.25,265.6700134277344,6845200
2024-07-16 00:00:00+00:00,268.2012634277344,269.25,270.2099914550781,267.3699951171875,268.5199890136719,7869900
2024-07-17 00:00:00+00:00,271.6378479003906,272.70001220703125,272.9100036621094,268.239990234375,268.44000244140625,5324700
2024-07-18 00:00:00+00:00,268.10162353515625,269.1499938964844,273.6199951171875,268.55999755859375,272.2900085449219,5550800
2024-07-19 00:00:00+00:00,264.426025390625,265.4599914550781,270.95001220703125,264.30999755859375,270.32000732421875,6839900
2024-07-22 00:00:00+00:00,266.667236328125,267.7099914550781,268.3999938964844,265.0199890136719,267.2300109863281,5313600
2024-07-23 00:00:00+00:00,263.7586364746094,264.7900085449219,267.70001220703125,263.8599853515625,267.5299987792969,8109200
2024-07-24 00:00:00+00:00,253.17999267578125,254.1699981689453,257.20001220703125,253.1300048828125,256.07000732421875,13065900
2024-07-25 00:00:00+00:00,252.75167846679688,253.74000549316406,258.2200012207031,252.6999969482422,255.38999938964844,8573300
2024-07-26 00:00:00+00:00,258.4493713378906,259.4599914550781,261.20001220703125,255.58999633789062,255.58999633789062,7062200
2024-07-29 00:00:00+00:00,260.5810546875,261.6000061035156,262.7099914550781,258.5799865722656,260.32000732421875,6068100
2024-07-30 00:00:00+00:00,262.0752258300781,263.1000061035156,264.29998779296875,261.010009765625,263.2300109863281,5941800
2024-07-31 00:00:00+00:00,264.6352233886719,265.6700134277344,266.3599853515625,264.25,264.5400085449219,7642500
2024-08-01 00:00:00+00:00,264.8941955566406,265.92999267578125,267.0,264.17999267578125,266.3299865722656,7269700
2024-08-02 00:00:00+00:00,265.5416259765625,266.5799865722656,267.9599914550781,262.8800048828125,263.8299865722656,7017900
2024-08-05 00:00:00+00:00,255.44114685058594,256.44000244140625,262.9200134277344,254.50999450683594,261.45001220703125,9631300
2024-08-06 00:00:00+00:00,257.2540588378906,258.260009765625,260.489990234375,255.77000427246094,256.5,21586800
2024-08-07 00:00:00+00:00,255.52084350585938,256.5199890136719,262.0299987792969,256.30999755859375,259.6600036621094,12908600
2024-08-08 00:00:00+00:00,258.81793212890625,259.8299865722656,260.45001220703125,257.9200134277344,258.1300048828125,8223700
2024-08-09 00:00:00+00:00,259.26708984375,259.760009765625,261.5199890136719,259.010009765625,259.1700134277344,7228100
2024-08-12 00:00:00+00:00,259.3968505859375,259.8900146484375,261.6000061035156,259.239990234375,260.5,26769400
2024-08-13 00:00:00+00:00,259.6363830566406,260.1300048828125,261.67999267578125,259.2699890136719,260.1300048828125,12005700
2024-08-14 00:00:00+00:00,260.64447021484375,261.1400146484375,261.5,258.739990234375,260.8699951171875,8552300
2024-08-15 00:00:00+00:00,266.293701171875,266.79998779296875,267.3900146484375,262.8399963378906,262.8399963378906,7397800
2024-08-16 00:00:00+00:00,266.87261962890625,267.3800048828125,268.44000244140625,265.3900146484375,266.8500061035156,5111100
2024-08-19 00:00:00+00:00,265.96435546875,266.4700012207031,268.30999755859375,265.2300109863281,267.4200134277344,6555900
2024-08-20 00:00:00+00:00,267.5313720703125,268.0400085449219,268.0400085449219,265.7799987792969,267.0,6803600
2024-08-21 00:00:00+00:00,267.6910705566406,268.20001220703125,269.2699890136719,267.3900146484375,268.55999755859375,6639700
2024-08-22 00:00:00+00:00,267.43157958984375,267.94000244140625,269.5,266.57000732421875,268.94000244140625,4425200
2024-08-23 00:00:00+00:00,266.9325256347656,267.44000244140625,269.2099914550781,265.30999755859375,268.70001220703125,3697400
2024-08-26 00:00:00+00:00,267.7010498046875,268.2099914550781,270.3699951171875,267.6700134277344,267.7200012207031,4612200
2024-08-27 00:00:00+00:00,270.206298828125,270.7200012207031,270.95001220703125,267.8900146484375,268.5199890136719,6594100
2024-08-28 00:00:00+00:00,268.67919921875,269.19000244140625,271.9800109863281,267.6700134277344,271.1600036621094,5455100
2024-08-29 00:00:00+00:00,273.7994689941406,274.32000732421875,275.989990234375,270.45001220703125,270.9800109863281,5565100
2024-08-30 00:00:00+00:00,275.8455505371094,276.3699951171875,276.989990234375,274.260009765625,275.0,6296100
2024-09-03 00:00:00+00:00,278.0114440917969,278.5400085449219,282.0899963378906,276.3699951171875,276.3699951171875,7278300
2024-09-04 00:00:00+00:00,279.9577331542969,280.489990234375,281.6499938964844,278.70001220703125,278.7099914550781,6107500
2024-09-05 00:00:00+00:00,278.0912780761719,278.6199951171875,281.5,277.4100036621094,281.0,6447400
2024-09-06 00:00:00+00:00,278.8398742675781,279.3699951171875,280.2799987792969,277.42999267578125,277.7699890136719,7187700
2024-09-09 00:00:00+00:00,285.0680236816406,285.6099853515625,286.9700012207031,281.6499938964844,282.0899963378906,10933900
2024-09-10 00:00:00+00:00,284.7985534667969,285.3399963378906,286.3999938964844,283.57000732421875,285.92999267578125,5314400
2024-09-11 00:00:00+00:00,283.421142578125,283.9599914550781,285.1700134277344,278.29998779296875,285.0199890136719,6281800
2024-09-12 00:00:00+00:00,284.8284912109375,285.3699951171875,286.0,281.4700012207031,284.0,4161200
2024-09-13 00:00:00+00:00,286.80474853515625,287.3500061035156,288.739990234375,285.54998779296875,286.489990234375,4987600
2024-09-16 00:00:00+00:00,289.9288024902344,290.4800109863281,290.8999938964844,287.739990234375,288.04998779296875,4458900
2024-09-17 00:00:00+00:00,291.0067443847656,291.55999755859375,293.07000732421875,290.0799865722656,290.8999938964844,5135700
2024-09-18 00:00:00+00:00,287.9325866699219,288.4800109863281,292.0199890136719,288.1300048828125,291.8399963378906,5890000
2024-09-19 00:00:00+00:00,284.69873046875,285.239990234375,291.4800109863281,282.8699951171875,291.0899963378906,10382100
2024-09-20 00:00:00+00:00,284.2296142578125,284.7699890136719,287.0,283.25,285.5,27810900
2024-09-23 00:00:00+00:00,288.0823059082031,288.6300048828125,288.8800048828125,284.6199951171875,284.8999938964844,6505600
2024-09-24 00:00:00+00:00,272.26239013671875,272.7799987792969,281.0,272.7099914550781,280.17999267578125,13690200
2024-09-25 00:00:00+00:00,269.11834716796875,269.6300048828125,274.25,268.2300109863281,274.19000244140625,11671300
2024-09-26 00:00:00+00:00,271.1744384765625,271.69000244140625,273.239990234375,270.0,270.5,9552500
2024-09-27 00:00:00+00:00,274.6478576660156,275.1700134277344,277.9800109863281,272.7799987792969,273.1600036621094,6509600
2024-09-30 00:00:00+00:00,274.42828369140625,274.95001220703125,275.69000244140625,273.20001220703125,275.0,5969900
